430
310
460
330
460
120
620
100
31
360
270
140
290
400
510
480
290
340
360
240
140
370
9
550
330
420
430
430
260
380
580
470
480
370
460
660
460
390
39
280
300
270
410
340
350
50
320
630
460
490
220
380
93
520
340
240
320
640
330
580
460
72
350
420
200
160
430
590
570
470
400
430
260
470
590
480
510
220
220
220
410
220
390
490
440
330
380
250
310
320
270
300
200
370
510
250
230
280
360
260
280
430
240
250
190
290
330
310
220
480
320
470
400
220
300
450
410
76
480
380
390
200
240
270
380
450
500
310
240
330
330
430
250
390
330
370
450
530
590
430
410
130
390
380
550
480
540
390
220
230
300
250
370
460
460
400
69
73
410
130
320
640
560
500
430
360
390
280
350
270
300
420
140
360
260
650
210
500
500
450
400
440
380
160
310
330
250
400
530
530
320
430
340
390
130
180
560
630
270
370
490
340
340
140
730
450
290
200
290
420
440
130
550
480
470
64
560
390
170
150
340
77
210
380
470
430
360
470
480
290
220
540
230
290
220
310
450
400
460
130
540
400
120
64
320
270
390
73
310
510
270
500
280
210
300
260
420
170
370
230
440
280
110
430
150
520
460
290
490
210
420
440
450
250
440
260
520
310
150
290
140
650
470
320
520
400
200
500
370
400
190
230
410
440
180
500
230
320
390
470
470
190
450
300
430
150
420
600
380
330
570
320
400
300
430
500
430
330
380
510
450
48
200
520
330
290
380
350
380
450
340
360
390
250
340
290
430
510
210
660
110
230
390
270
340
230
340
290
300
380
380
290
120
310
230
230
280
480
470
360
470
510
470
490
520
340
430
430
300
270
320
360
360
520
390
550
220
390
310
490
550
210
93
330
520
440
400
410
110
470
290
450
390
370
450
400
610
370
420
280
400
470
380
330
510
330
320
340
540
120
530
280
380
210
340
590
360
500
550
180
410
470
130
440
380
380
550
290
430
440
320
450
470
230
390
410
340
120
310
560
280
410
200
340
180
200
520
580
480
180
280
360
250
390
310
340
250
160
480
210
170
480
72
300
350
380
440
310
300
210
450
350
320
360
420
48
420
470
370
240
430
450
420
500
450
300
520
400
270
360
370
420
330
150
370
390
480
450
420